1368
1594
1654
1697
1700
1716
1807
1822
1838
1904
1936
1955
1959
2003
2027
2048
2063
2067
2073
2098
2099
2105
2106
2142
2146
2152
2176
2294
2299
2344
2345
2368
2399
2443
2449
2465
2468
2483
2502
2506
2510
2553
2595
2620
2639
2652
2671
2681
2709
2722
2724
2728
2767
2792
2807
2812
2814
2826
2839
2876
2938
2964
2974
3000
3018
3039
3048
3052
3078
3139
3234
3247
3286
3296
3380
3400
3414
3524
3539
3548
3626
3654
3666
3711
3833
3872
3969
4024
4070
4090
4095
4098
4128
4137
4148
4178
4261
4278
4314
4377
